Case #1:
1011001000000011 199 23 103 6 37 5 17 6 9
1011001000000101 11 4 5 5407 211 4 1831 5 7
1011001000001001 7 41 9 6 13 6 6079 6 9
1011001000010001 5 4 5 7 1051 4 5 5 9
1011001000010111 7 4 5 4 5 4 179 4 7
1011001000101011 17 4 11 4 5 4 19 4 1051
1011001000110001 11 19 7 11 167 9547 9 17 7
1011001000110101 9 4 5 4 5 4 23 4 29
1011001000111011 67 7 13 7 7 17 163 11 17
1011001001000001 7 4 5 21193 83 4 11 5 9
1011001001000111 9 4 5 4 5 4 5 4 17
1011001001001101 5 4 5 4 5 4 31 4 7
1011001001100001 5 1321 19 13 61 1427 9 7 7621
1011001001100101 13 4 5 4 5 4 5 4 107
1011001001101111 17 41 157 6 19 419 5 6 593
1011001001110101 5 307 9 9 1669 19 17 17 11
1011001010000101 23 811 7 7 11 5 5 41 67
1011001010001101 43 7 31 4 5 199 23 4 17
1011001010010101 7 4 5 4 5 4 1471 4 7
1011001010011001 13 5 359 4 5 5 157 4 13
1011001010101011 53 5 5 563 19 73 29 5 1297
1011001010110001 5 233 151 4 5 37 5 4 37
1011001010110101 11 5 11 35753 613 9 9 7 127
1011001010111001 101 7 13 7 7 11 17 13 167
1011001011000101 5 4 5 4 5 4 11 4 5869
1011001011011011 7 11 11 6 9377 241 7 6 19
1011001011101001 7 401 53 19 7 5 5 41 17
1011001011101011 163 4 67 23 41 4 7 6 3323
1011001011101101 5 5 17 6 11 8969 7 6 29
1011001011110011 61 13 19 6 37 5 7 6 7
1011001011110111 5 7 53 13 17 9521 9 8311 37
1011001100000001 5 4 5 1069 139 4 5 5 7
1011001100001101 9 4 5 4 5 4 547 4 59
1011001100001111 23 5 9 71 19 19 9 101 47
1011001100010011 7 4 5 4 5 4 17 4 7
1011001100010111 19 7 23 9 11 9 59 7 11
1011001100011001 17 4 5 4 5 4 37 4 17
1011001100011111 5 4 5 17 53 4 5 5 701
1011001100101001 5 13 239 4 5 11 5 4 13
1011001100110111 41 4 5 223 23 4 7 5 7
1011001100111011 17 5 7 6 971 41 7 6 13
1011001100111101 5 4 5 11 11 4 5 5 41
1011001101001101 197 7 7 9 29 5 5 41 11
1011001101010101 9 5 9 11 13 11 643 317 7
1011001101010111 31 11 7 7 37 5 7 6 631
1011001101011011 5 4 5 5669 307 4 5 5 7
1011001101100111 7 4 5 31 31 4 7 5 653
1011001101111001 5 4 5 7 13 4 5 5 31
1011001101111111 17 4 5 4 11 4 29 4 7
1011001110000011 5 277 31039 4 5 139 5 4 37
