0 0 0 0
1 0 0 0
2 0 0 1
3 6 0 2
4 7 0 3
5 8 1 4
6 0 0 0
7 0 1 6
8 0 1 7
9 0 0 0
10 6 0 9
11 7 0 10
12 8 1 11
13 0 0 0
14 0 0 13
15 9 0 14
16 10 1 15
17 11 0 16
18 12 1 17
4
0 0 0 0
1 0 0 0
2 0 0 1
3 0 0 2
4 0 0 3
5 35 0 4
6 0 0 5
7 0 0 6
8 0 0 7
9 0 0 8
10 0 0 9
11 35 0 10
12 36 0 11
13 37 0 12
14 0 0 13
15 0 0 14
16 0 0 15
17 1 0 16
18 0 0 17
19 0 0 18
20 0 0 19
21 0 0 20
22 0 0 21
23 0 0 22
24 0 0 23
25 0 0 24
26 0 0 25
27 0 0 26
28 0 0 27
29 0 0 28
30 0 0 29
31 0 0 30
32 0 0 31
33 0 0 32
34 1 1 33
35 0 0 0
36 0 0 35
37 0 1 36
2
