01
10
010100000
101000000
010000100
000010000
000001000
001000000
000000010
000000001
100000000
01001000000000000000000000
10100000000010000000000000
01010000000000010000000000
00100000000000000010000000
00000100000000000000000000
00000010000000000000000000
00100001000000000000000000
00000000100000000000000000
00000000010000000000000000
00000000001000000000000000
00000000000100000000000000
00010000000000000000000000
00000000000001000000000000
00000000000000100000000000
00010000000000000000000000
00000000000000001000000000
00000000000000000100000000
10000000000000000000000000
00000000000000000001000000
00000000000000000000100000
01000000000000000000010000
00000000000000000000001000
00000000000000000000000100
00000000000000000000000010
00000000000000000000000001
10000000000000000000000000
010001000000000000000000000000000000000000000000000000
101000000000000000001000000000000000000000000000000000
010100000000000000000000000010000000000000000000000000
001010000000000000000000000000010000000000000000000000
000100000000000000000000000000000000000100000000000000
000000100000000000000000000000000000000000000000000000
000000010000000000000000000000000000000000000000000000
001000001000000000000000000000000000000000000000000000
000000000100000000000000000000000000000000000000000000
000000000010000000000000000000000000000000000000000000
000000000001000000000000000000000000000000000000000000
000000000000100000000000000000000000000000000000000000
000100000000010000000000000000000000000000000000000000
000000000000001000000000000000000000000000000000000000
000000000000000100000000000000000000000000000000000000
000000000000000010000000000000000000000000000000000000
000000000000000001000000000000000000000000000000000000
000000000000000000100000000000000000000000000000000000
000000000000000000010000000000000000000000000000000000
000010000000000000000000000000000000000000000000000000
000000000000000000000100000000000000000000000000000000
000000000000000000000010000000000000000000000000000000
000100000000000000000001000000000000000000000000000000
000000000000000000000000100000000000000000000000000000
000000000000000000000000010000000000000000000000000000
000000000000000000000000001000000000000000000000000000
000000000000000000000000000100000000000000000000000000
000010000000000000000000000000000000000000000000000000
000000000000000000000000000001000000000000000000000000
000000000000000000000000000000100000000000000000000000
100010000000000000000000000000000000000000000000000000
000000000000000000000000000000001000000000000000000000
000000000000000000000000000000000100000000000000000000
010000000000000000000000000000000010000000000000000000
000000000000000000000000000000000001000000000000000000
000000000000000000000000000000000000100000000000000000
000000000000000000000000000000000000010000000000000000
000000000000000000000000000000000000001000000000000000
100000000000000000000000000000000000000000000000000000
000000000000000000000000000000000000000010000000000000
000000000000000000000000000000000000000001000000000000
001000000000000000000000000000000000000000100000000000
000000000000000000000000000000000000000000010000000000
000000000000000000000000000000000000000000001000000000
000000000000000000000000000000000000000000000100000000
000000000000000000000000000000000000000000000010000000
010000000000000000000000000000000000000000000001000000
000000000000000000000000000000000000000000000000100000
000000000000000000000000000000000000000000000000010000
000000000000000000000000000000000000000000000000001000
000000000000000000000000000000000000000000000000000100
000000000000000000000000000000000000000000000000000010
000000000000000000000000000000000000000000000000000001
100000000000000000000000000000000000000000000000000000
0100001000000000000000000000000000000000000000000000000000000000000000000000000000000000000000000000
1010000000000000000000000000001000000000000000000000000000000000000000000000000000000000000000000000
0101000000000000000000000000000000000000000001000000000000000000000000000000000000000000000000000000
0010100000000000000000000000000000000000000000000000010000000000000000000000000000000000000000000000
0001010000000000000000000000000000000000000000000000000000000100000000000000000000000000000000000000
0000100000000000000000000000000000000000000000000000000000000000000000000000100000000000000000000000
0000000100000000000000000000000000000000000000000000000000000000000000000000000000000000000000000000
0000000010000000000000000000000000000000000000000000000000000000000000000000000000000000000000000000
0010000001000000000000000000000000000000000000000000000000000000000000000000000000000000000000000000
0000000000100000000000000000000000000000000000000000000000000000000000000000000000000000000000000000
0000000000010000000000000000000000000000000000000000000000000000000000000000000000000000000000000000
0000000000001000000000000000000000000000000000000000000000000000000000000000000000000000000000000000
0000000000000100000000000000000000000000000000000000000000000000000000000000000000000000000000000000
0001000000000010000000000000000000000000000000000000000000000000000000000000000000000000000000000000
0000000000000001000000000000000000000000000000000000000000000000000000000000000000000000000000000000
0000000000000000100000000000000000000000000000000000000000000000000000000000000000000000000000000000
0000000000000000010000000000000000000000000000000000000000000000000000000000000000000000000000000000
0000000000000000001000000000000000000000000000000000000000000000000000000000000000000000000000000000
0000000000000000000100000000000000000000000000000000000000000000000000000000000000000000000000000000
0000000000000000000010000000000000000000000000000000000000000000000000000000000000000000000000000000
0000100000000000000001000000000000000000000000000000000000000000000000000000000000000000000000000000
0000000000000000000000100000000000000000000000000000000000000000000000000000000000000000000000000000
0000000000000000000000010000000000000000000000000000000000000000000000000000000000000000000000000000
0000000000000000000000001000000000000000000000000000000000000000000000000000000000000000000000000000
0000000000000000000000000100000000000000000000000000000000000000000000000000000000000000000000000000
0000000000000000000000000010000000000000000000000000000000000000000000000000000000000000000000000000
0000000000000000000000000001000000000000000000000000000000000000000000000000000000000000000000000000
0000000000000000000000000000100000000000000000000000000000000000000000000000000000000000000000000000
0000000000000000000000000000010000000000000000000000000000000000000000000000000000000000000000000000
0000010000000000000000000000000000000000000000000000000000000000000000000000000000000000000000000000
0000000000000000000000000000000100000000000000000000000000000000000000000000000000000000000000000000
0000000000000000000000000000000010000000000000000000000000000000000000000000000000000000000000000000
0001000000000000000000000000000001000000000000000000000000000000000000000000000000000000000000000000
0000000000000000000000000000000000100000000000000000000000000000000000000000000000000000000000000000
0000000000000000000000000000000000010000000000000000000000000000000000000000000000000000000000000000
0000000000000000000000000000000000001000000000000000000000000000000000000000000000000000000000000000
0000000000000000000000000000000000000100000000000000000000000000000000000000000000000000000000000000
0000100000000000000000000000000000000010000000000000000000000000000000000000000000000000000000000000
0000000000000000000000000000000000000001000000000000000000000000000000000000000000000000000000000000
0000000000000000000000000000000000000000100000000000000000000000000000000000000000000000000000000000
0000000000000000000000000000000000000000010000000000000000000000000000000000000000000000000000000000
0000000000000000000000000000000000000000001000000000000000000000000000000000000000000000000000000000
0000000000000000000000000000000000000000000100000000000000000000000000000000000000000000000000000000
0000000000000000000000000000000000000000000010000000000000000000000000000000000000000000000000000000
0000010000000000000000000000000000000000000000000000000000000000000000000000000000000000000000000000
0000000000000000000000000000000000000000000000100000000000000000000000000000000000000000000000000000
0000000000000000000000000000000000000000000000010000000000000000000000000000000000000000000000000000
1000100000000000000000000000000000000000000000001000000000000000000000000000000000000000000000000000
0000000000000000000000000000000000000000000000000100000000000000000000000000000000000000000000000000
0000000000000000000000000000000000000000000000000010000000000000000000000000000000000000000000000000
0000000000000000000000000000000000000000000000000001000000000000000000000000000000000000000000000000
0000000000000000000000000000000000000000000000000000100000000000000000000000000000000000000000000000
0000010000000000000000000000000000000000000000000000000000000000000000000000000000000000000000000000
0000000000000000000000000000000000000000000000000000001000000000000000000000000000000000000000000000
0000000000000000000000000000000000000000000000000000000100000000000000000000000000000000000000000000
0100010000000000000000000000000000000000000000000000000010000000000000000000000000000000000000000000
0000000000000000000000000000000000000000000000000000000001000000000000000000000000000000000000000000
0000000000000000000000000000000000000000000000000000000000100000000000000000000000000000000000000000
0000000000000000000000000000000000000000000000000000000000010000000000000000000000000000000000000000
0000000000000000000000000000000000000000000000000000000000001000000000000000000000000000000000000000
1000000000000000000000000000000000000000000000000000000000000000000000000000000000000000000000000000
0000000000000000000000000000000000000000000000000000000000000010000000000000000000000000000000000000
0000000000000000000000000000000000000000000000000000000000000001000000000000000000000000000000000000
0010000000000000000000000000000000000000000000000000000000000000100000000000000000000000000000000000
0000000000000000000000000000000000000000000000000000000000000000010000000000000000000000000000000000
0000000000000000000000000000000000000000000000000000000000000000001000000000000000000000000000000000
0000000000000000000000000000000000000000000000000000000000000000000100000000000000000000000000000000
0000000000000000000000000000000000000000000000000000000000000000000010000000000000000000000000000000
0100000000000000000000000000000000000000000000000000000000000000000001000000000000000000000000000000
0000000000000000000000000000000000000000000000000000000000000000000000100000000000000000000000000000
0000000000000000000000000000000000000000000000000000000000000000000000010000000000000000000000000000
0000000000000000000000000000000000000000000000000000000000000000000000001000000000000000000000000000
0000000000000000000000000000000000000000000000000000000000000000000000000100000000000000000000000000
0000000000000000000000000000000000000000000000000000000000000000000000000010000000000000000000000000
0000000000000000000000000000000000000000000000000000000000000000000000000001000000000000000000000000
1000000000000000000000000000000000000000000000000000000000000000000000000000000000000000000000000000
0000000000000000000000000000000000000000000000000000000000000000000000000000010000000000000000000000
0000000000000000000000000000000000000000000000000000000000000000000000000000001000000000000000000000
0001000000000000000000000000000000000000000000000000000000000000000000000000000100000000000000000000
0000000000000000000000000000000000000000000000000000000000000000000000000000000010000000000000000000
0000000000000000000000000000000000000000000000000000000000000000000000000000000001000000000000000000
0000000000000000000000000000000000000000000000000000000000000000000000000000000000100000000000000000
0000000000000000000000000000000000000000000000000000000000000000000000000000000000010000000000000000
0010000000000000000000000000000000000000000000000000000000000000000000000000000000001000000000000000
0000000000000000000000000000000000000000000000000000000000000000000000000000000000000100000000000000
0000000000000000000000000000000000000000000000000000000000000000000000000000000000000010000000000000
0000000000000000000000000000000000000000000000000000000000000000000000000000000000000001000000000000
0000000000000000000000000000000000000000000000000000000000000000000000000000000000000000100000000000
0000000000000000000000000000000000000000000000000000000000000000000000000000000000000000010000000000
0000000000000000000000000000000000000000000000000000000000000000000000000000000000000000001000000000
0100000000000000000000000000000000000000000000000000000000000000000000000000000000000000000100000000
0000000000000000000000000000000000000000000000000000000000000000000000000000000000000000000010000000
0000000000000000000000000000000000000000000000000000000000000000000000000000000000000000000001000000
0000000000000000000000000000000000000000000000000000000000000000000000000000000000000000000000100000
0000000000000000000000000000000000000000000000000000000000000000000000000000000000000000000000010000
0000000000000000000000000000000000000000000000000000000000000000000000000000000000000000000000001000
0000000000000000000000000000000000000000000000000000000000000000000000000000000000000000000000000100
0000000000000000000000000000000000000000000000000000000000000000000000000000000000000000000000000010
0000000000000000000000000000000000000000000000000000000000000000000000000000000000000000000000000001
1000000000000000000000000000000000000000000000000000000000000000000000000000000000000000000000000000
